801,magearna,801,10,805,270,951,1
806,blacephalon,806,18,130,257,957,1
10001,deoxys-attack,386,17,608,270,491,0
10006,shaymin-sky,492,4,52,270,583,0
10011,rotom-fan,479,3,3,182,567,0
10016,basculin-blue-striped,550,10,180,161,643,0
10021,landorus-therian,645,13,680,270,742,0
10026,aegislash-blade,681,17,530,234,787,0
10031,gourgeist-large,711,11,140,173,821,0
10036,blastoise-mega,9,16,1011,284,13,0
10041,gyarados-mega,130,65,3050,224,195,0
10046,scizor-mega,212,20,1250,210,181,0
10051,gardevoir-mega,282,16,484,278,359,0
10056,banette-mega,354,12,130,194,447,0
10061,floette-eternal,670,2,9,243,774,0
10066,sableye-mega,302,5,1610,168,382,0
10071,slowbro-mega,80,20,1200,207,116,0
10076,metagross-mega,376,25,9429,315,475,0
10081,pikachu-belle,25,4,60,112,38,0
10086,hoopa-unbound,720,65,4900,306,836,0
10091,rattata-alola,19,3,38,51,26,0
10096,pikachu-sinnoh-cap,25,4,60,112,38,0
10101,sandshrew-alola,27,7,400,60,46,0
10106,dugtrio-alola,51,7,666,149,79,0
10111,golem-alola,76,17,3160,223,111,0
10116,greninja-battle-bond,658,15,400,239,760,0
10121,gumshoos-totem,735,14,600,146,852,0
10126,lycanroc-midnight,745,11,250,170,869,0
10131,minior-yellow-meteor,774,3,400,154,905,0
10136,minior-red,774,3,3,175,910,0
10141,minior-indigo,774,3,3,175,915,0
10146,kommo-o-totem,784,24,2075,270,931,0
10151,rockruff-own-tempo,744,5,92,56,867,0
10156,necrozma-dawn,800,42,3500,306,949,0
