802,marshadow,802,7,222,270,953,1
807,zeraora,807,15,445,270,958,1
10002,deoxys-defense,386,17,608,270,492,0
10007,giratina-origin,487,69,6500,306,577,0
10012,rotom-mow,479,3,3,182,568,0
10017,darmanitan-zen,555,13,929,189,649,0
10022,kyurem-black,646,33,3250,315,745,0
10027,pumpkaboo-small,710,3,35,67,816,0
10032,gourgeist-super,711,17,390,173,822,0
10037,alakazam-mega,65,12,480,270,97,0
10042,aerodactyl-mega,142,21,790,215,215,0
10047,heracross-mega,214,17,625,210,290,0
10052,mawile-mega,303,10,235,168,384,0
10057,absol-mega,359,12,490,198,455,0
10062,latias-mega,380,18,520,315,480,0
10067,altaria-mega,334,15,206,207,423,0
10072,steelix-mega,208,105,7400,214,138,0
10077,kyogre-primal,382,98,4300,347,484,0
10082,pikachu-pop-star,25,4,60,112,39,0
10087,camerupt-mega,323,25,3205,196,411,0
10092,raticate-alola,20,7,255,145,28,0
10097,pikachu-unova-cap,25,4,60,112,39,0
10102,sandslash-alola,28,12,550,158,48,0
10107,meowth-alola,52,4,42,58,81,0
10112,grimer-alola,88,7,420,65,127,0
10117,greninja-ash,658,15,400,288,761,0
10122,vikavolt-totem,738,26,1475,225,856,0
10127,wishiwashi-school,746,82,786,217,872,0
10132,minior-green-meteor,774,3,400,154,906,0
10137,minior-orange,774,3,3,175,911,0
10142,minior-violet,774,3,3,175,916,0
10147,magearna-original,801,10,805,270,952,0
10152,lycanroc-dusk,745,8,250,170,870,0
10157,necrozma-ultra,800,75,2300,339,950,0
