803,poipole,803,6,18,189,954,1
10003,deoxys-speed,386,17,608,270,493,0
10008,rotom-heat,479,3,3,182,564,0
10013,castform-sunny,351,3,8,147,441,0
10018,meloetta-pirouette,648,6,65,270,749,0
10023,kyurem-white,646,36,3250,315,744,0
10028,pumpkaboo-large,710,5,75,67,817,0
10033,venusaur-mega,3,24,1555,281,4,0
10038,gengar-mega,94,14,405,270,135,0
10043,mewtwo-mega-x,150,23,1270,351,225,0
10048,houndoom-mega,229,19,495,210,309,0
10053,aggron-mega,306,22,3950,284,388,0
10058,garchomp-mega,445,19,950,315,547,0
10063,latios-mega,381,23,700,315,482,0
10068,gallade-mega,475,16,564,278,361,0
10073,pidgeot-mega,18,22,505,261,24,0
10078,groudon-primal,383,50,9997,347,486,0
10083,pikachu-phd,25,4,60,112,40,0
10088,lopunny-mega,428,13,283,203,535,0
10093,raticate-totem-alola,20,14,1050,145,29,0
10098,pikachu-kalos-cap,25,4,60,112,40,0
10103,vulpix-alola,37,6,99,60,59,0
10108,persian-alola,53,11,330,154,83,0
10113,muk-alola,89,10,520,175,129,0
10118,zygarde-10,718,12,335,219,830,0
10123,oricorio-pom-pom,741,6,34,167,860,0
10128,lurantis-totem,754,15,580,168,882,0
10133,minior-blue-meteor,774,3,400,154,907,0
10138,minior-yellow,774,3,3,175,912,0
10143,mimikyu-busted,778,2,7,167,922,0
10148,pikachu-partner-cap,25,4,60,112,42,0
10153,araquanid-totem,752,31,2175,159,879,0
10158,bulbasaur,1,7,69,64,1,1
