804,naganadel,804,36,1500,243,955,1
10004,wormadam-sandy,413,5,65,148,519,0
10009,rotom-wash,479,3,3,182,565,0
10014,castform-rainy,351,3,8,147,442,0
10019,tornadus-therian,641,14,630,261,736,0
10024,keldeo-resolute,647,14,485,261,747,0
10029,pumpkaboo-super,710,8,150,67,818,0
10034,charizard-mega-x,6,17,1105,285,8,0
10039,kangaskhan-mega,115,22,1000,207,169,0
10044,mewtwo-mega-y,150,15,330,351,226,0
10049,tyranitar-mega,248,25,2550,315,321,0
10054,medicham-mega,308,13,315,179,391,0
10059,lucario-mega,448,13,575,219,550,0
10064,swampert-mega,260,19,1020,286,336,0
10069,audino-mega,531,15,320,425,623,0
10074,glalie-mega,362,21,3502,203,458,0
10079,rayquaza-mega,384,108,3920,351,488,0
10084,pikachu-libre,25,4,60,112,41,0
10089,salamence-mega,373,18,1126,315,471,0
10094,pikachu-original-cap,25,4,60,112,36,0
10099,pikachu-alola-cap,25,4,60,112,41,0
10104,ninetales-alola,38,11,199,177,61,0
10109,geodude-alola,74,4,203,60,107,0
10114,exeggutor-alola,103,109,4156,186,147,0
10119,zygarde-50,718,50,3050,270,831,0
10124,oricorio-pau,741,6,34,167,861,0
10129,salazzle-totem,758,21,810,168,887,0
10134,minior-indigo-meteor,774,3,400,154,908,0
10139,minior-green,774,3,3,175,913,0
10144,mimikyu-totem-disguised,778,4,28,167,923,0
10149,marowak-totem,105,17,980,149,151,0
10154,togedemaru-totem,777,6,130,152,920,0
